00528
00462
00493
00094
00520
00360
00578
00315
00502
00227
00442
00289
00483
00209
00383
00296
00033
00522
00090
00357
00115
00255
00132
00280
00162
00395
00048
00543
00196
00035
00158
00113
00334
00373
00443
00376
00508
00252
00563
00401
00417
00412
00366
00504
00583
00512
00457
00322
00216
00270
00140
00510
00321
00413
00538
00532
00212
00173
00343
00495
00526
00554
00572
00121
00091
00292
00494
00418
00312
00213
00160
00032
00337
00066
00112
00338
00451
00309
00473
00040
00163
00244
00382
00531
00152
00208
00344
00458
00440
00272
00481
00190
00491
00170
00080
00274
00182
00282
00348
00242
00300
00453
00181
00263
00325
00076
00164
00207
00530
00485
00044
00131
00179
00541
00014
00051
00041
00551
00364
00407
00087
00056
00479
00283
00295
00408
00552
00097
00482
00369
00544
00219
00411
00580
00167
00464
00191
00398
00435
00505
00431
00095
00155
00101
00204
00345
00026
00323
00086
00171
00558
00258
00517
00404
00065
00410
00465
00127
00294
00119
00276
00475
00246
00316
00192
00354
00432
00423
00415
00511
00016
00150
00582
00361
00237
00185
00198
00218
00120
00529
00135
00444
00007
00206
00524
00471
00267
00332
00100
00536
00308
00426
00058
00480
00256
00136
00569
00571
00307
00047
00054
00523
00461
00341
00142
00072
00353
00416
00362
00559
00387
00012
00446
00154
00450
00078
00259
00279
00082
00525
00375
00331
00445
00022
00379
00235
00585
00224
00013
00486
00077
00102
00584
00098
00147
00391
00333
00424
00205
00484
00327
00029
00203
00023
00002
00240
00028
00496
00151
00548
00545
00535
00371
00501
00549
00372
00310
00356
00168
00144
00175
00587
00429
00106
00467
00262
00210
00518
00390
00273
00287
00172
00503
00060
00577
00092
00335
00318
00568
00024
00052
00238
00567
00265
00019
00386
00378
00396
00073
00363
00498
00257
00293
00134
00534
00062
00428
00306
00305
00217
00313
00145
00169
00269
00468
00200
00542
00021
00079
00138
00377
00537
00499
00006
00400
00254
00339
00565
00015
00036
00146
00570
00370
00281
00403
00425
00304
00438
00433
00081
00566
00053
00420
00553
00253
00156
00342
00314
00448
00214
00550
00394
00248
00184
00137
00251
00241
00286
00452
00290
00123
00125
00176
00389
00084
00488
00358
00128
00264
00579
00469
00211
00303
00352
00009
00527
00165
00226
00074
00419
00111
00573
00133
00326
00030
00025
00195
00351
00317
00436
00247
00049
00474
00393
00001
00359
00477
00110
00492
00103
00301
00441
00186
00059
00347
00063
00043
00046
00104
00201
00439
00093
00250
00284
00067
00174
00157
00234
00299
00330
00109
